6402 2714
3704 4131
3867 5294
2619 2740
411 7705
8136 6957
1107 3987
8615 7271
6179 3008
3283 3303
2927 5862
7046 8181
3448 3304
1804 5115
1324 3648
2455 647
1388 3800
9137 4875
869 9930
4053 634
9357 8777
1276 6406
8937 4879
5798 1789
6920 5913
8923 3760
8005 9263
392 8624
5002 6571
1926 8925
5884 7538
8078 807
6697 95
5590 4535
5564 3387
9968 2704
1230 3437
9275 2623
9159 4424
8761 3816
809 5299
929 6493
5963 2754
4788 4066
7852 7087
4444 1064
3873 3937
8938 8202
5498 8841
2812 3215
2038 5770
7979 3865
4866 9205
7763 1284
4047 892
10000 6065
6858 8764
8927 4001
9628 1286
6084 9506
8298 3698
9502 9455
5573 5645
4651 7396
7397 7788
6697 9372
1501 5501
4796 4807
6993 6097
6296 4503
5984 7012
8255 7590
5119 8654
8512 7563
2767 6972
1841 8162
6765 9721
4153 8196
7495 1337
1540 8887
7428 8534
3627 7502
9978 966
5881 1484
2189 4346
2308 3295
4650 8813
1343 582
9499 1051
2038 3403
1205 2673
141 5406
7303 1989
778 2316
5846 2678
8849 7762
8287 6187
4373 8926
9835 2065
7588 3399
9982 7716
6654 9879
4042 9756
3138 7078
8470 8240
9345 8135
1262 3192
925 897
4112 2490
9168 5909
1534 6622
9533 1251
4410 6824
7713 6663
3059 3928
963 1139
6762 776
4201 5898
3994 6359
1303 1925
6019 7149
6662 9829
6857 3832
7097 7052
4202 7131
6677 7508
1297 7725
6832 923
9282 4254
7308 2191
6842 2144
9484 8820
6263 2842
764 953
1711 4588
2700 3102
3293 8508
258 5795
5788 3528
5089 9127
8159 4276
5460 6694
1860 9842
2851 8190
9753 2513
6613 6466
9473 2242
2878 774
7019 3611
5622 6381
3129 7091
9689 7354
1375 2508
8853 787
1414 3579
2825 9898
4280 2959
7682 8869
4532 365
492 8035
217 6463
4343 7846
9805 8468
227 6008
7883 2141
666 8098
833 4773
8352 6134
7915 4365
4494 8422
741 2699
3197 5194
1883 3786
4589 4723
5592 6426
598 6000
793 5284
263 343
9734 5959
3181 329
1136 1327
336 8062
1451 3175
2974 7830
3018 6564
7805 9665
3855 238
5028 3486
7632 6591
6428 377
6238 4884
3290 4580
9366 3249
7824 6602
961 5416
8953 1814
5016 561
9328 803
945 6763
6708 7924
7291 7644
5597 35
5547 4813
5371 4004
8906 6433
3581 6404
6769 28
9367 662
4060 7062
3680 4700
5315 1961
8704 8072
4927 530
5280 8420
8006 4695
4896 3216
7043 7745
248 5084
2416 820
8095 7047
7588 863
3745 2669
4529 2641
3326 2219
7545 9534
6697 4412
3739 6550
5540 5376
4479 7272
2956 7843
2108 2730
4128 9600
5670 9313
1865 8751
7285 7704
3206 1066
9933 5940
2224 714
4929 1459
5768 6513
987 3123
1359 3596
6232 8531
4845 5160
9282 4674
9711 4654
3232 5367
963 274
7084 2010
5914 3004
3924 8332
9498 4933
2271 5956
8083 3526
621 7117
2006 5625
5649 9850
4920 2392
8731 2427
5476 7499
3524 4027
639 4170
5954 1928
532 1319
6172 4461
4317 1345
55 5857
7556 3952
7532 3585
8564 9112
7294 1421
4512 7006
5820 682
1648 3974
3245 7922
5502 406
8681 9080
2753 2610
1362 7144
2017 5766
8611 8659
159 5743
745 5195
9960 2432
231 5116
724 461
4075 8126
4244 1289
1763 9622
8614 6450
2956 4811
6748 9184
8391 3279
5593 3957
2784 5056
5435 3423
2649 8864
8085 6483
7970 7561
7887 2002
7053 4505
9877 3775
6094 8044
8423 1095
5446 6141
4108 2945
7439 5822
3289 1885
2582 2146
8160 4203
9785 8137
1648 7470
7746 5243
8613 9787
7596 986
2119 1258
4570 3847
6675 1058
5261 4098
6489 6169
9627 4890
8369 9334
7011 6026
2946 264
4576 2809
1919 1304
2615 8385
9768 2105
3033 9613
6967 2056
4414 7618
1191 8526
2166 4974
8552 5491
4869 4227
7531 1275
9422 7873
7283 2764
7367 3032
6509 568
1247 8081
4970 3749
1657 7409
3788 9311
934 9615
3046 9802
1482 9883
3744 3653
532 9904
3467 7665
2081 3135
8014 7334
2379 9117
8487 6773
6033 3184
5978 4618
3071 3791
6148 5306
7658 6505
3313 7954
3162 378
147 4467
6372 3700
9987 2906
51 7503
1239 4870
2993 1314
7715 9244
7941 2628
5165 8483
2051 5703
1949 7992
2943 5952
3292 7509
2950 875
109 5121
8966 6572
9271 4995
94 6149
2840 6817
1638 1383
3097 859
1741 4764
2082 4625
9730 9078
5035 3171
7863 6340
2359 8414
7155 5827
1966 6226
7735 4779
4709 9236
9786 7395
4400 6425
5375 4889
1006 9989
2409 5848
3621 4829
9852 7555
130 4338
3759 8178
321 52
5369 8578
6892 4228
6401 4363
7420 8271
7835 7998
2155 5166
6307 5034
1366 1416
2777 7151
5040 5806
5149 8734
653 7015
2070 4306
1427 8038
3350 5436
7287 5957
7485 3980
7050 1742
9172 1765
3895 8573
1255 5869
7384 8962
9150 8212
4233 5843
6029 1215
7525 3845
2597 5305
1362 4303
6509 9701
6203 7862
3594 3309
3181 6285
785 1805
587 1368
2132 439
8365 179
7589 1190
8725 1744
7157 9922
4546 4057
7669 4954
2911 4834
8481 5128
9834 5298
2481 1478
5817 6898
8282 908
7588 8822
3718 8684
1506 1606
882 7647
6813 3012
4103 8053
9201 9658
3241 2523
1017 4851
8428 8440
9094 1278
7791 1077
6735 5339
8631 4871
6795 21
9569 6605
5022 2719
5016 6474
1354 9544
8189 1288
5576 9995
9902 1880
8108 6456
6993 6952
9033 1352
308 2637
1629 8117
9782 9867
3448 4161
5089 8397
3015 2721
4610 3098
3031 2215
3513 8165
6668 7072
3783 5290
9043 989
6475 2612
8601 2
4652 4621
7303 7582
321 3746
2176 7767
6762 6412
8095 7147
6853 6585
3953 1665
6410 487
5708 939
3882 3600
1075 2292
887 9953
921 3842
3636 1315
1085 2368
9259 9521
5580 1987
3150 7620
1960 1842
1239 9216
790 7016
2639 1819
7547 7718
2037 8061
1714 4290
3160 1438
7603 8200
8617 4370
9948 4984
6618 1020
1630 9875
5425 8916
8363 4862
9349 4917
2111 6001
2777 6414
3557 2663
8163 2473
4460 4765
2250 7300
4122 1340
3896 8304
9796 4763
5495 1186
3281 777
145 9844
3339 881
6885 2012
4054 3213
4071 5595
997 2491
3117 1141
6745 2140
334 7614
1507 7137
5608 8660
3224 6818
1889 6086
5460 9406
1486 1449
3260 9115
2162 6710
5943 4007
252 1633
9407 856
98 6900
9653 1810
9489 6185
2063 6156
2716 9389
7358 2888
954 6332
8846 3384
958 8125
4708 6291
6896 8881
1310 838
5592 1892
3532 671
2657 909
9075 7994
7918 4686
6927 7141
1763 8362
8668 684
5293 9889
9368 3049
7650 3919
1108 7098
340 2031
6677 3904
6020 6937
5498 8046
7136 3686
9002 4823
7488 3401
3822 196
6936 1036
5102 567
6827 2872
5520 592
6652 4275
4991 9466
5858 8591
7407 2806
4801 1496
1392 1954
2134 5188
7656 1564
4314 3761
1897 6538
5093 6073
23 3217
7432 1022
4768 4154
4826 8621
4249 3318
8303 4903
8071 7511
7968 926
7606 4653
1518 4142
4202 9610
9007 2997
5127 1873
8561 8544
6783 5727
7230 4190
6953 8158
6089 8080
8244 769
4125 6342
4215 59
8753 1553
1986 3965
3132 4477
7350 8417
1029 4611
7653 357
7802 3236
7223 7102
2468 1408
2968 2893
9766 495
4835 673
8561 6269
5423 2187
946 5125
4396 8690
7713 6894
6509 302
3491 1356
9239 3106
2823 4219
5558 4058
7790 4675
521 2074
4476 8721
814 9916
6200 9173
8465 7659
6476 4181
9044 8058
5917 8353
5481 6067
3187 3807
3149 8637
2624 6223
4805 3510
4427 3663
7748 3226
9359 8821
5836 4563
92 5267
5783 7086
6024 7827
7200 3500
1115 3559
4272 3545
1317 5996
3039 7000
1783 3962
2008 8712
9320 3853
6219 8590
9300 9441
4512 4797
6351 7113
3570 5003
83 6365
551 2636
2751 1074
865 1946
5222 8201
8375 2581
9567 197
677 1604
4169 436
8797 2568
5309 5673
4832 1270
2127 5528
8011 510
6396 4464
9789 9027
4073 131
9837 6702
7819 615
5466 7387
4721 1295
3764 1868
3186 5634
2464 2283
1372 6397
9032 2085
610 189
2040 171
857 3301
7471 2903
2066 1790
5447 6499
5337 8608
6002 3720
133 2932
1980 8989
1488 4743
8705 8807
8736 649
1214 7969
5585 7836
272 4955
1283 4209
7643 1646
7224 1565
9999 4459
5439 6295
5702 6508
1749 1710
1467 8518
5714 215
4630 3597
3108 5724
9068 3237
5381 8325
5233 8427
2335 2239
9171 1
9157 2384
5138 8378
9533 2112
8086 3180
7240 3710
9137 6379
6857 7966
9268 9848
6060 4269
2746 6707
1620 8952
1689 3152
3640 4885
3887 4437
9589 5490
3061 1210
6736 4377
7021 4471
139 6848
4272 2522
988 3849
6879 2916
2123 2827
1463 7297
640 9460
5159 9276
1720 2862
4417 5327
9195 3501
8521 1916
2477 6297
1933 4998
2944 730
4160 3881
3306 9162
1355 2240
3338 9235
7227 7903
2550 5452
699 1726
5542 9849
9330 7638
8488 5053
7380 4992
7888 2390
5960 1112
8828 6041
4212 9396
4354 8021
6897 5081
9839 4198
5133 9793
4200 172
2575 4552
2272 4351
5609 3109
6752 1905
9872 1875
9287 5541
5572 8904
9628 5450
3905 9203
6167 416
2825 1840
8873 1505
6496 1198
5336 425
1901 4641
5753 8982
8457 382
4132 1658
4212 1907
4156 2942
5750 6926
9128 3363
4981 8224
7301 7394
5799 8
4264 5180
768 235
6070 8464
9828 6520
7944 3993
5493 6315
4404 4734
2149 9997
9720 1342
5923 3662
5312 1221
899 6165
3187 718
3608 2910
1660 1393
8761 9539
8412 4104
5547 2552
1417 8968
8755 7823
4213 2774
240 5057
499 1731
1540 3415
2005 3589
8068 6544
3473 3656
1825 1494
6356 7635
9227 951
8814 5158
3119 2476
2837 6021
2762 3799
9538 4684
9009 1703
756 4239
4530 6049
4278 7898
6901 2921
4478 9438
6126 8729
6321 5262
4809 115
6528 9815
5519 1370
2495 5779
7734 4966
4517 3931
6121 6506
5102 3093
4735 144
6713 8838
6908 4096
9703 9055
7995 6217
9981 2569
1386 3815
7731 8878
1331 1924
741 5851
3426 5092
9332 3995
203 6183
7021 5584
3533 158
9392 8097
7801 218
6856 6696
3059 4411
728 3400
9910 5343
6856 3643
2017 7198
3186 6515
2200 1895
5534 6627
4086 5227
6139 8908
7065 6919
3075 8848
2042 7853
8551 2482
7213 5124
6064 5805
2589 3261
4760 7181
5377 3287
4189 3275
3914 8234
9967 3359
6865 4068
4121 6522
8605 6478
9677 7172
1487 6787
3659 9175
6362 5203
8102 6534
2819 1174
9148 3453
9877 4298
1725 1296
5522 3185
4878 3427
4082 8861
1131 846
8334 9028
1176 3939
4832 840
7262 8579
654 362
460 9958
9957 3550
2237 5633
2657 2182
8402 6488
2798 9836
9471 5903
1090 81
303 3029
1290 1943
5563 9248
4178 3320
8314 2019
6084 7067
1107 46
5884 8964
3280 8480
7773 6326
7193 1084
97 2847
5579 7392
8883 9074
8539 1101
6923 5639
789 8594
5337 2160
3266 5069
6014 9380
4793 3344
6182 8766
79 2493
3560 6665
918 5780
8426 9757
6860 1872
1584 4493
4020 4002
9937 9676
232 5090
9741 4509
8979 7866
1828 732
9679 645
3364 5219
6662 1021
1429 9629
6716 477
4264 9531
9021 1113
2787 4180
8418 1097
6 8089
6224 7849
833 4015
3284 1152
806 4100
8273 5535
2480 5784
7161 9559
2079 3356
6407 9269
5136 9280
1585 5354
2451 948
8071 6468
5790 4318
604 4911
6717 3730
5066 8411
5984 6650
4799 7864
2212 9664
6725 9779
3077 6837