6422 9313
1576 1057
5741 7802
7556 3800
4817 5775
4869 371
5846 5596
495 1115
5597 4729
8254 4570
123 5344
107 4486
8541 7689
1584 2359
4985 4140
907 5491
8580 7474
3916 9716
9278 7744
3949 2637
3853 6507
5810 6430
2118 2444
982 4099
7774 2775
2125 5708
8251 5602
7472 9754
2074 2338
2062 7731
1327 6331
7096 5638
1430 3309
2608 6852
6719 2981
5398 8504
4796 3663
2532 9354
4120 8164
5628 9159
9224 5818
4973 1427
9791 6084
8400 6925
9868 7092
8439 9466
5184 5171
9925 91
2501 6237
7418 1845
4340 6524
8483 3927
5641 9092
1523 3114
7796 2616
6105 54
1783 7259
2471 8357
2271 9747
9357 8535
6877 2900
2478 9687
6619 2674
2569 1985
2972 236
3005 1808
3456 1475
1352 5214
5987 4782
3222 2453
9942 7435
5908 8263
2480 6624
7859 928
90 7968
9968 6215
6558 143
8296 6665
5868 5327
533 6444
2751 6300
7049 7493
4653 9346
9420 9440
3503 3823
2958 6396
2454 6965
1060 9654
4862 1844
4731 407
7902 5044
8766 6533
3998 1211
7293 1912
717 8399
5537 2241
5120 8708
1301 4363
753 3167
538 8075
1246 9783
8195 3635
2176 32
8887 4886
8172 9487
3618 878
781 7087
8899 6880
6541 7356
6286 9990
2890 6071
3746 2866
8721 9588
3234 7989
6160 4229
2249 4543
4660 8224
4919 1129
504 3433
7417 2745
5032 3408
5616 2843
7839 8490
2658 3677
5222 8007
38 830
4262 8271
3006 4603
4299 1180
6911 9024
9033 2853
3441 8173
5188 5055
3892 1897
7911 3476
3869 445
9021 35
1899 2626
4134 2624
5022 1751
811 8673
7817 1272
8575 1908
9727 3707
9063 8793
5659 963
9793 2206
1770 3334
1727 7955
6054 7644
8612 1023
2089 2702
9765 6384
3934 7473
9972 9344
8237 349
111 447
2424 1283
3078 7298
3919 6837
7584 9215
7913 323
7643 1990
3146 4224
7537 8431
5977 8652
1493 8731
7483 5582
5985 5385
8183 1698
5997 7596
2969 4832
8646 1042
8087 6125
4412 4682
2391 6236
8520 4766
629 2172
4738 2545
1229 2614
9491 8353
8927 7666
910 3558
1561 4085
1516 6012
9968 2710
4366 9476
4494 1366
7342 6184
7465 6104
3632 9641
9691 7460
7566 1755
8482 8995
3431 3193
5556 2290
2863 2069
2173 8517
7650 5874
4105 7371
626 1894
9791 5781
470 3589
2803 7218
5658 3753
3174 1252
5909 3824
6610 9165
1539 6717
9914 1165
9579 563
5883 5095
8870 4367
6831 7589
4756 9903
9839 2189
8148 5921
645 88
2027 6458
3031 7632
5486 1276
8335 3060
2762 1213
5633 3113
1473 2144
1711 3790
8876 77
7618 7560
6264 9031
3717 567
2944 7467
7026 5380
1680 6387
2532 5042
8076 668
6767 2974
558 7765
9788 6373
4425 9603
2863 3705
8184 2704
6935 4581
6753 8250
7928 1046
7640 4452
5780 283
1194 3208
203 9840
2810 7612
50 8666
1060 3937
6992 3442
8291 5681
691 7151
2126 2577
788 7810
2960 3996
2260 5078
5585 7963
7939 6151
712 9067
9943 1425
7623 3206
4244 9732
3865 365
3757 2233
8960 8426
2551 6938
1998 9593
9094 2367
7544 7797
8251 5875
7580 2516
2230 6692
9116 6789
1800 6287
6922 3170
1548 2435
3515 4078
4630 1802
9901 792
9520 4866
119 9376
1251 1174
1073 4951
8928 8215
5246 9753
2848 5520
5269 5260
2366 4516
8997 3030
4765 2446
1120 1353
6342 2058
846 2452
9824 4800
4201 7830
4751 7443
7914 2949
6631 7973
4156 124
242 4589
6038 6324
8291 6562
9803 929
6934 9540
9776 9844
9649 9726
5808 6233
9209 2152
294 9631
4429 6712
2531 5694
1729 6320
7028 7794
8463 1465
90 4185
5033 1639
7635 2342
6523 958
9103 5139
5374 1191
1987 769
737 5847
9952 3254
7204 8556
2595 1033
9788 8132
5766 3689
6629 4495
7818 6232
8208 1125
7132 6677
2537 4967
8485 7019
3379 2641
9633 7393
4051 6738
3182 7543
2422 2600
6992 6321
9782 536
3131 4977
7489 3742
7312 6375
3872 8670
7213 1037
50 3667
1582 3549
6929 7370
785 5411
4264 6091
5763 2642
6416 4511
8776 1310
1741 7548
4925 94
7153 7729
2073 1803
4535 7987
2872 1326
5200 9592
9457 5988
6953 8317
6793 2728
5980 5389
7203 7597
5760 2685
1723 3657
1692 2802
304 3621
2784 2764
7416 8371
2700 683
4503 8377
3154 9813
1866 8229
6832 1342
2515 1793
7824 1268
6539 1291
4840 7317
6950 7436
684 2747
6767 6945
886 1192
9798 1847
2045 167
7618 1443
1616 3218
1329 5122
5493 7133
71 9484
4778 5950
5654 2180
1742 4373
5486 8898
5951 3882
5393 523
3441 3873
7134 4728
553 3907
5111 9505
6297 9805
8315 1843
6196 6397
2386 7280
7362 5430
3747 1054
6845 5346
1371 2664
8179 2877
2059 6269
5056 7592
9362 4980
6808 4232
3892 7652
610 5129
3987 9237
6898 7297
3414 1153
168 2855
8463 7799
142 4282
5762 5328
1298 725
7858 6847
5562 4968
5219 9206
166 938
1118 5866
773 8243
5431 3648
9129 6603
3123 3989
6422 8845
2268 7534
7962 315
1430 9102
7749 7249
9275 6526
816 8806
1671 2006
5779 3803
6503 6948
1097 862
7345 5839
4121 6218
3286 2148
2229 994
559 8480
8497 7241
3168 953
4175 7972
7409 4981
8626 8820
6772 1574
4725 5446
7069 2733
3421 5778
2263 1779
3949 6356
5303 7528
9909 2871
121 9582
8268 3878
1171 2553
5820 5768
8482 3332
8268 9
5957 5623
7452 2760
8002 2550
7442 1460
6535 575
3537 2119
804 5155
1765 4743
1403 2078
872 8447
5379 2425
4815 6009
2297 7147
2163 209
1474 8734
1220 8162
300 6685
9027 7912
2509 5192
1800 9288
320 6197
295 2264
2840 1162
2958 4626
7509 8234
1983 9257
2099 5823
6484 8981
9502 1896
8415 2818
4517 9374
9531 7984
6339 5364
9791 7008
4298 1838
9818 2922
1716 4605
1557 2262
4674 4846
6265 4522
4825 4371
7986 7024
7417 6263
2394 4576
8287 2449
8840 4946
4190 8851
6756 6946
6417 2456
1644 3190
3818 650
8779 7344
4893 4119
7622 5979
5558 2622
4777 3108
6503 8188
4253 479
9655 9662
1775 7496
1210 7532
1665 3529
3741 1605
8151 2886
4286 5703
521 9167
9585 4179
3461 8312
509 8596
9632 10
4577 9519
6165 3709
1954 3945
4103 1039
7603 3640
7607 8097
7865 3191
4199 5678
5706 226
1776 6360
8449 8117
5789 5776
9303 4101
5877 4439
8433 2709
3518 5824
3227 6270
3360 5605
4082 4054
9251 494
6032 9148
8767 2368
8354 1402
7050 972
7507 3592
6891 3185
5037 7998
2022 9071
6055 8079
2150 8933
4026 6470
6063 4368
3180 3295
6106 4505
8436 1235
7002 1690
6322 2166
4999 9587
5833 4470
3340 5208
9647 4878
326 8758
9600 5
9681 838
3788 2203
4731 8339
9462 8091
7044 148
552 9917
9682 1019
8901 4975
9745 3703
6710 3678
2659 568
2230 2885
9217 8137
7117 6461
1986 2225
5058 4837
4850 5851
1931 3071
9087 6513
1048 4813
3312 4642
754 9345
6536 4697
8344 4304
2478 3176
2192 6120
6521 2620
1209 7485
7862 9274
780 4607
4273 7849
3326 8546
3375 5482
5080 7488
7550 7031
6336 471
6175 3977
2653 1448
1806 7208
6944 9685
9126 8823
2962 8464
8963 7263
8445 6441
9649 3964
6408 3015
4898 9900
9150 6973
5912 4895
6147 7454
4234 6881
7327 8125
8878 2053
2964 6200
3473 7979
1274 3303
4853 7743
3644 9717
760 2087
8058 1092
2990 4553
546 6437
2814 7814
8661 1287
1882 2212
1012 5266
1924 7331
1172 2836
1274 5072
6988 6471
1996 3438
3375 8998
9454 6262
4195 4442
5526 8577
7631 4109
8196 3293
6812 9144
2048 1122
3812 3244
7290 3283
8123 4256
1936 44
515 6504
5481 3046
2042 5991
5574 7131
3733 4909
2800 3335
4393 7897
2865 8857
9094 4126
9117 2292
9068 9497
4124 4623
8964 6348
6511 8684
7628 2503
6206 5429
2223 1152
151 355
2846 3460
6489 5733
2491 904
2838 9768
5827 7075
1978 4151
708 9991
6128 9622
1939 198
6464 6759
2 6202
4940 9614
89 2442
7775 5276
9608 5584
5546 7162
8589 4550
4454 6443
9261 3922
5738 5679
5550 3879
6958 8361
6971 1084
4887 9171
5358 6261
4143 4009
4405 1869
9052 8751
3106 801
2815 4884
8248 7034
4997 2079
9998 2276
3673 3578
9925 252
4718 635
4334 4043
2052 1186
9787 4255
5912 3140
4664 9343
8434 5110
6274 6292
6512 9775
8870 9869
4454 3993
284 8961
3588 9800
1696 2576
5745 5141
8269 9197
4618 2975
2621 4240
6439 4031
1754 7279
942 3248
546 2786
8080 2766
6051 4612
2779 4507
6558 5670
2696 8221
14 6782
389 1119
9462 791
8575 4836
7456 9887
4417 1354
8285 3708
2703 8145
7590 3273
8089 6431
2111 5529
8505 8366
3376 9537
630 5079
4394 3623
7969 2164
8240 7571
473 5885
3162 6156
9400 1825
7535 5965
142 9926
9958 172
239 2492
6164 4508
3238 6528
7362 5047
7786 3766
1120 9760
9269 9191
7504 4021
430 5400
935 3272
7072 5970
5762 7491
9407 8565
863 1225
4881 5007
5601 6405
1374 8965
2438 7180
3245 393
56 1810
75 1647
8095 1611
6606 6385
2570 9324
2254 4015
459 3450
3047 1124
339 8815
9806 9650
5815 7903
1419 8895