2083 8425
1327 3921
1419 8105
3691 9560
6418 2670
9330 9520
5630 8759
8513 5735
1692 5408
4685 2616
2391 3633
8867 2380
6877 5651
7068 2189
7913 9968
6945 4627
9832 2638
9739 4716
8027 6184
7733 3206
7188 7844
3247 9076
1137 9167
1172 7681
5313 8894
3161 3142
3688 6560
172 8798
5692 3985
1898 9040
5223 5755
4683 3137
5023 3960
3470 108
2110 5613
5354 3500
2101 6910
4837 6280
2576 5415
6687 6623
6543 5296
3846 9829
2326 3856
858 6245
5928 8132
9063 1394
2325 4159
7868 6647
817 3941
9764 374
8632 6284
286 3210
2718 3005
9091 68
1890 2278
1060 5794
4205 2571
6422 7549
6855 6102
4330 8100
7436 8995
4980 1364
1776 8437
223 1412
1254 556
878 5788
127 7661
6603 5646
8751 8090
2908 1640
7846 1915
811 2479
5069 7708
1622 5010
6917 709
7111 6317
3141 2339
2117 8330
5449 1589
791 4237
1632 1154
4989 1006
1987 7024
6204 6639
7354 4249
7795 3528
4921 2553
412 5911
2950 5187
1020 9871
6735 8593
6887 6819
5882 9258
4053 3996
1464 4337
268 4974
1305 6807
3291 9816
4704 7984
2350 6057
3239 7897
9883 7470
8781 4552
7700 7586
1012 8386
2247 4324
1168 4776
1539 2565
4789 340
6940 7916
1175 5097
3898 7656
7082 3063
7345 2313
494 5550
6361 193
316 5020
2466 3472
4354 2205
1161 4848
9732 6188
8767 7963
7417 4434
8572 3969
5203 3637
5680 8587
8063 6983
6925 581
8584 7060
1253 3566
5143 5774
5383 2917
9738 4002
1585 8419
8529 3526
4929 166
801 2097
908 8644
4478 5086
6398 3116
2866 2588
4582 3337
6453 1864
7118 2044
6816 4712
9788 7089
7201 8707
9383 2496
4519 9208
3293 1101
7956 76
7604 983
9920 3148
7009 3765
3694 1673
6146 8853
260 5957
9838 5728
6067 3163
3555 2043
7883 1194
1328 4824
2257 4314
8694 918
6880 2963
9400 3512
2453 2410
3044 881
7401 7989
4477 4285
52 2567
4922 5134
1912 9834
8047 8601
9865 572
6648 2535
1770 9922
4993 1475
9749 3867
6779 5239
9363 1626
6763 4036
3688 3751
2330 2958
1309 656
2181 6963
3837 3601
5195 2993
9545 347
4153 9562
7942 2808
2652 9256
1749 7297
7746 9989
3823 6291
2231 7236
1478 5749
9443 9036
2710 3922
1089 8577
7403 1298
1398 5271
9172 4046
2343 57
237 4138
8442 9799
5933 6434
4125 812
3993 392
7430 463
6174 109
819 1482
6368 176
2984 1619
5948 6523
4269 5841
2165 5076
7331 6419
9769 1333
2897 893
2827 9549
6207 573
6004 3135
5080 9959
5775 3706
6893 8928
2077 853
4729 7842
3504 988
4749 281
1794 5853
7104 8753
3847 9529
8472 85
1422 8854
7147 7843
1068 1778
9265 212
8133 9716
1270 6903
4308 9462
4658 9245
4391 5771
9559 6908
2731 4614
8246 5967
6899 8374
7668 9657
829 3571
4931 6392
6672 9965
3075 4516
9129 4482
2742 3739
8805 5979
4744 1552
352 7337
6901 4518
8088 7817
8996 102
4734 3268
7351 3311
1992 9420
7991 9546
810 6529
8341 5002
3231 5115
4317 943
4409 1883
8803 7838
9003 7738
4102 1365
8594 2967
7639 9452
3274 844
5834 8000
6981 7168
4181 2880
7365 7460
7043 7736
7110 5753
3485 8845
5770 4362
9587 9600
4733 8077
5201 880
8818 5662
9822 3918
6329 3596
2884 2704
6775 5985
7277 5865
1210 9849
2216 6083
2795 9160
7392 2937
1380 5211
2595 3942
1978 7255
3666 2131