2581 8901
8262 9509
8327 2864
9625 7846
9340 4198
6143 974
6321 1227
73 1566
8297 1113
673 8083
8028 4654
8010 7651
5351 742
4500 602
4424 8036
1169 4933
1493 2163
8160 2848
7767 8120
9622 6934
7125 1554
9259 3219
1091 367
6785 512
4954 332
6148 1901
1099 3142
3000 5015
8873 8293
8898 6585
9074 5228
7964 7262
6922 4360
7382 6605
7847 7257
5988 7713
3978 304
471 4086
7832 834
3959 4595
519 2557
7094 8450
3363 8662
1773 3529
7171 5310
5945 2878
7164 3338
3594 1285
2604 677
2457 1636
9322 5546
1182 4912
1711 6860
596 8622
1389 2798
7718 3347
8530 3473
9095 6254
6391 5735
6905 3182
1345 6288
7755 8583
5113 7003
4012 8016
6272 9194
5433 5367
6647 6947
9567 2737
6536 5049
6196 1292
3228 9580
6764 4005
468 9143
9515 1876
8125 9164
3179 1346
6344 6609
359 5528
1245 1700
2086 5235
8004 683
4982 8133
6923 9998
6885 9548
6073 3470
7152 9513
9776 1318
6289 4193
7637 4934
2947 9264
9014 3369
7919 8315
1049 7758
3138 9449
7732 6106
5690 5454
5923 7693
5315 3498
9128 4891
2325 3074