4638 879
2145 5781
5182 2574
3055 7248
2006 438
7111 6690
915 4825
433 5536
1261 6538
5378 9713
9226 809
6439 1065
1202 8013
7558 645
3822 810
2547 8986
893 4998
7333 8054
8836 149
4742 5064
1572 1845
2488 910
8960 6539
5216 9223
2403 3854
2625 1897
8092 3903
6315 8281
6124 6297
9380 2956
1887 573
6644 8458
451 1254
5210 1898
3731 8160
5285 8065
1134 1434
2439 5282
5304 8861
9984 4491
6883 9030
3815 7393
3215 8877
1853 385
1173 2157
6067 8089
1121 6082
8665 5236
3453 3111
2232 5797
399 7336
9039 6332
5105 8148
1458 6382
8968 9147
3557 9318
5805 4680
5661 6200
7927 7903
7034 2106
5659 6069
3233 1908
2277 369
675 186
638 9260
1630 1650
5102 3474
6247 5421
2948 7056
121 8384
6589 6318
1512 8700
4513 9364
5857 2351
3904 4612
2875 9693
8380 3431
7581 7100
232 3130
3737 4282
8155 1869
994 9912
2833 5471
9710 5442
2907 8443
5398 9799
7593 2429
6844 5161
4481 3944
9965 6697
1048 1226
7579 8362
4944 4519
5279 3825
7666 4960
6656 7471
8917 497
6846 4333
5874 8522
846 6840
9115 1379
9995 6878
5132 7918
7197 4358
8834 3885
2991 4878
4904 5180
4406 3548
6379 3248
6758 2370
4533 8425
7154 798
4911 3926
4408 8313
5820 6468
2012 1123
4902 257
9869 3543
759 1266
7038 9105
8507 8691
2951 4405
1136 518
7166 6711
2056 1186
3791 4073
1069 3960
8629 2775
4005 634
7667 7669
1843 740
774 92
3266 5118
7313 9232
2868 75
4812 2103
5966 6820
9170 9296
7738 6186
7925 3671
9186 7173
9671 9855
4978 7497
3236 3619
4482 4020
8729 3862
9570 2860
2635 4374
2312 5062
9178 9618
971 3651
5149 8677
2926 4848
9012 27
6041 853
1826 5609
4957 5616
8206 7087
2643 7881
802 3887
4170 6653
4004 558
5110 5858
3722 8341
7714 566
8275 3598
1056 5748
3907 4246
5012 8433
3455 8137
6226 3452
1758 7761
1836 8284
6255 7092
7171 2765
8550 6647
4571 5403
8868 2533
4630 3320
955 8307
8532 6137
6496 8283
1657 1556
6944 5400
191 7488
2049 7906
5335 2289
2010 6238
893 8926
8151 5126
968 6600
6134 7861
4114 6594
3064 4889
6072 9094
1666 1436
7699 5958
8254 2130
1217 5038
814 7150
4584 1899
2099 1660
5045 8118
6447 9466
7936 3204
3477 1294
4882 4773
1916 9447
5613 6736
4326 192
6144 4666
3414 8711
6794 7561
621 2890
1032 8552
7443 4859
1753 1696
1170 5930
4933 7841
5943 2479
3181 7509
9355 8517
3117 9047
5025 5331
3910 3797
1141 1279
998 2895
3180 9072
1451 1960
2049 646
6306 8644
8732 8846
9427 1834
3114 5741
3117 4775
81 7922
4768 9739
5237 4288
2110 1221
1492 8374
7736 790
5938 2198
5692 2657
3656 289
7999 8422
7158 8181
7179 2713
6480 3964
1027 2108
5287 5895
4118 8340
3355 8147
657 2457
4631 6662
9131 2614
6637 8746
9049 9765
2273 6658
3583 6096
3657 6456
6437 6191
6036 2329
2092 4737
5906 2166
153 302
8457 6174
7465 6545
1491 4881
99 5905
7700 4769
7977 4746
3156 7842
6917 9160
782 8039
3984 6280
7967 9918
9780 9019
7744 2355
9600 5869
7342 6363
7991 664
9939 6322
3216 5744
8464 8353
5325 1772
6053 2873
3582 4879
4039 2935
2973 4748
1112 8044
1002 6845
4635 2636
3263 420
7875 1863
4222 2051
3823 8330
3492 1713
8735 6369
9120 6950
4759 3916
3269 629
7034 3089
9926 7574
3159 7597
6398 9907
9131 8294
7526 2985
7312 6989
7550 2918
5562 1424
9379 5295
7433 293
9006 8512
5979 7663
3815 1378
1110 3728
6667 9788
394 1361
1770 9415
1093 6387
124 1367
9967 5518
7384 3947
755 4840
8695 744
5239 5183
4811 5150
8398 9617
9850 6374
6811 4835
9428 1994
9656 873
8950 5861
286 7886
9043 1935
241 35
7893 8704
7246 8568
1162 8050
5319 1886
6904 4841
9761 50
4264 2201
9254 1347
9651 5056
4943 3981
442 2264
6426 7641
5550 3077
80 3593
7654 9397
1711 1682
7432 1303
7828 8658
9611 1003
4516 1538
3446 8291
4227 1796
2630 5440
3497 5782
1773 2263
3710 287
9068 6040
3313 6791
4253 9193
894 1626
551 9000
1174 6268
1940 8381
1085 4750
8643 6774
2887 9839
6971 2301
7078 5625
4770 6871
5457 731
2617 2578
7412 157
6333 2770
5801 2027
966 7040
8320 8143
5098 316
6486 4926
1138 5129
9531 6469
5375 4586
1776 1115
3087 8547
4636 7254
6854 511
6582 5114
4914 9841
4023 5834
7672 5234
7396 2830
7144 5189
163 6965
8749 686
1148 243
6208 137
9982 5583
3186 6023
9825 2899
5213 1401
2982 1385
2662 7267
6192 5812
3050 9728
6205 9756
8333 7345
3403 9972
7082 1293
7756 1194
3928 6002
5674 1191
8792 4858
2949 9595
9022 7542
7261 1692
747 5497
2641 174
8819 259
3324 8277
3608 5501
852 6627
3192 6101
4489 2071
9372 5599
354 4183
1359 9750
555 644
9866 5248
3241 872
1325 3038
1388 8966
4711 6642
5390 2422
5912 5437
9837 4447
5255 3702
535 2679
1937 6172
5374 8318
9114 1224
5011 1018
649 2692
8259 2090
1967 1895
8317 1278
8200 4784
5573 2146
6671 6568
266 8331
9280 764
5866 4896
364 8818
3863 9548
1151 3649
3405 9514
4905 8817
2251 1026
2678 8428
5533 6559
5396 2419
8474 6985
1179 775
6528 1036
14 6640
6203 9707
1270 3088
5280 2120
9804 6947
881 7818
1448 453
6873 8945
1717 2453
6679 8408
163 7719
6357 9367
4337 4923
8702 9469
5105 1447
9108 5514
9789 5804
7109 5842
9089 2357
9449 6879
7661 3187
8502 6850
2690 9795
5882 9463
2183 3022
2936 8593
2577 456
5530 1473
349 8825
4049 938
1371 2804
4058 5117